MEAN
Parameters:1.0921885463364294
Statements:4.8207493849194085
Complexity:2.6213835455082166
MEDIAN
Parameters:1
Statements:2
Complexity:1
TRIMMED MEAN
Parameters:1.0933870640016405
Statements:4.82603945440124
Complexity:2.6242603147096415
